0.000000000000000000e+00
0.000000000000000000e+00
0.000000000000000000e+00
0.000000000000000000e+00
0.000000000000000000e+00
0.000000000000000000e+00
0.000000000000000000e+00
0.000000000000000000e+00
0.000000000000000000e+00
0.000000000000000000e+00
0.000000000000000000e+00
0.000000000000000000e+00
0.000000000000000000e+00
0.000000000000000000e+00
0.000000000000000000e+00
0.000000000000000000e+00
0.000000000000000000e+00
0.000000000000000000e+00
0.000000000000000000e+00
0.000000000000000000e+00
0.000000000000000000e+00
0.000000000000000000e+00
0.000000000000000000e+00
0.000000000000000000e+00
0.000000000000000000e+00
0.000000000000000000e+00
0.000000000000000000e+00
0.000000000000000000e+00
0.000000000000000000e+00
0.000000000000000000e+00
0.000000000000000000e+00
0.000000000000000000e+00
0.000000000000000000e+00
2.248198648074017735e-05
5.976806221873666745e-06
3.264255705792541166e-06
3.861936327979908264e-06
0.000000000000000000e+00
4.491799752900440276e-05
2.289576537302374137e-05
0.000000000000000000e+00
0.000000000000000000e+00
2.882659616242145618e-05
3.544705843895843984e-05
0.000000000000000000e+00
0.000000000000000000e+00
0.000000000000000000e+00
0.000000000000000000e+00
0.000000000000000000e+00
0.000000000000000000e+00
0.000000000000000000e+00
0.000000000000000000e+00
0.000000000000000000e+00
0.000000000000000000e+00
0.000000000000000000e+00
0.000000000000000000e+00
0.000000000000000000e+00
0.000000000000000000e+00
0.000000000000000000e+00
0.000000000000000000e+00
1.287312109326635947e-06
0.000000000000000000e+00
2.068894461417807817e-06
0.000000000000000000e+00
8.275577845671231692e-07
0.000000000000000000e+00
0.000000000000000000e+00
0.000000000000000000e+00
0.000000000000000000e+00
0.000000000000000000e+00
0.000000000000000000e+00
0.000000000000000000e+00
0.000000000000000000e+00
0.000000000000000000e+00
0.000000000000000000e+00
0.000000000000000000e+00
0.000000000000000000e+00
0.000000000000000000e+00
0.000000000000000000e+00
0.000000000000000000e+00
0.000000000000000000e+00
0.000000000000000000e+00
0.000000000000000000e+00
0.000000000000000000e+00
0.000000000000000000e+00
0.000000000000000000e+00
0.000000000000000000e+00
0.000000000000000000e+00
0.000000000000000000e+00
0.000000000000000000e+00
0.000000000000000000e+00
0.000000000000000000e+00
0.000000000000000000e+00
0.000000000000000000e+00
8.689356737954793595e-06
0.000000000000000000e+00
4.597543247595128571e-08
5.991440202030762219e-02
2.027737254265336159e-02
2.701415266335450288e-02
5.078441673750331425e-02
1.579622989500084618e-01
1.628330282173756985e-02
2.908805844691219125e-02
4.046992041238859500e-02
8.063465590400183125e-02
3.032125747221463188e-03
1.460772818515152643e-02
3.817303378132254343e-02
2.621578927840961110e-02
9.675129778301407024e-02
2.967916458225549822e-02
1.101957555756590858e-02
4.528120344556442033e-04
7.645613274799251124e-02
6.372130575561381349e-02
6.307921286565468244e-02
3.930163869774219720e-02
1.011703184263050906e-02
1.371323017089941775e-02
8.727516346909832074e-04
2.002873740382341873e-03
1.193342922889039162e-02
6.790571376698004461e-05
9.654840819949770661e-06
6.795168919945599655e-05
7.815823520911718703e-07
0.000000000000000000e+00
0.000000000000000000e+00
0.000000000000000000e+00
0.000000000000000000e+00
0.000000000000000000e+00
0.000000000000000000e+00
0.000000000000000000e+00
0.000000000000000000e+00
0.000000000000000000e+00
0.000000000000000000e+00
0.000000000000000000e+00
0.000000000000000000e+00
0.000000000000000000e+00
0.000000000000000000e+00
0.000000000000000000e+00
0.000000000000000000e+00
0.000000000000000000e+00
0.000000000000000000e+00
0.000000000000000000e+00
0.000000000000000000e+00
0.000000000000000000e+00
0.000000000000000000e+00
0.000000000000000000e+00
0.000000000000000000e+00
0.000000000000000000e+00
0.000000000000000000e+00
0.000000000000000000e+00
0.000000000000000000e+00
0.000000000000000000e+00
0.000000000000000000e+00
0.000000000000000000e+00
0.000000000000000000e+00
0.000000000000000000e+00
0.000000000000000000e+00
0.000000000000000000e+00
1.379262974278538704e-07
2.298771623797564418e-07
0.000000000000000000e+00
1.379262974278538704e-07
0.000000000000000000e+00
9.792767117377623075e-06
4.597543247595128571e-08
9.195086495190257142e-08
4.597543247595128571e-08
0.000000000000000000e+00
0.000000000000000000e+00
2.160845326369710415e-06
4.597543247595128571e-08
0.000000000000000000e+00
2.937830135213287261e-05
2.712550516081126002e-06
2.261991277816803315e-05
5.011322139878690526e-06
1.379262974278538704e-07
8.275577845671231692e-07
0.000000000000000000e+00
1.609140136658295040e-06
0.000000000000000000e+00
5.517051897114154815e-07
9.195086495190257142e-08
0.000000000000000000e+00
9.195086495190257142e-08
1.747066434086148936e-06
1.839017299038051428e-07
4.597543247595128571e-08
0.000000000000000000e+00
0.000000000000000000e+00
0.000000000000000000e+00
0.000000000000000000e+00
0.000000000000000000e+00
0.000000000000000000e+00
0.000000000000000000e+00
0.000000000000000000e+00
0.000000000000000000e+00
0.000000000000000000e+00
0.000000000000000000e+00
0.000000000000000000e+00
0.000000000000000000e+00
0.000000000000000000e+00
0.000000000000000000e+00
0.000000000000000000e+00
0.000000000000000000e+00
0.000000000000000000e+00
0.000000000000000000e+00
0.000000000000000000e+00
0.000000000000000000e+00
0.000000000000000000e+00
0.000000000000000000e+00
6.068757086825569767e-06
0.000000000000000000e+00
0.000000000000000000e+00
0.000000000000000000e+00
0.000000000000000000e+00
0.000000000000000000e+00
0.000000000000000000e+00
0.000000000000000000e+00
1.570934552270779414e-03
5.838879924445813484e-06
6.220476013996208608e-05
6.942290303868643811e-06
6.528511411585082333e-06
5.621462104267039260e-03
4.551567815119177113e-06
4.091813490359664547e-06
1.241336676850684775e-05
1.232141590355494388e-05
1.279956040130483688e-04
3.402182003220395275e-06
7.034241168820546833e-06
1.655115569134246338e-06
3.917106846951049230e-05
3.953887192931810439e-06
1.471213839230441143e-06
5.609002762066057201e-06
6.390585114157229071e-06
1.333287541802587246e-06
3.949289649684215584e-05
4.873395842450836418e-06
4.137788922835615846e-07
2.823121431185788514e-03
4.597543247595128571e-08
6.022781654349618679e-06
4.597543247595128836e-07
1.043642317204094168e-05
4.597543247595128836e-07
5.633047913250979581e-03
6.758388573964838615e-06
1.195361244374733349e-06
