0.000000000000000000e+00
0.000000000000000000e+00
0.000000000000000000e+00
0.000000000000000000e+00
0.000000000000000000e+00
0.000000000000000000e+00
0.000000000000000000e+00
0.000000000000000000e+00
0.000000000000000000e+00
0.000000000000000000e+00
0.000000000000000000e+00
0.000000000000000000e+00
0.000000000000000000e+00
0.000000000000000000e+00
0.000000000000000000e+00
0.000000000000000000e+00
0.000000000000000000e+00
0.000000000000000000e+00
0.000000000000000000e+00
0.000000000000000000e+00
0.000000000000000000e+00
0.000000000000000000e+00
0.000000000000000000e+00
0.000000000000000000e+00
0.000000000000000000e+00
0.000000000000000000e+00
0.000000000000000000e+00
0.000000000000000000e+00
0.000000000000000000e+00
0.000000000000000000e+00
0.000000000000000000e+00
0.000000000000000000e+00
0.000000000000000000e+00
3.607908633566367314e-05
1.524494275166263409e-03
7.582723229868298272e-06
4.647475527983795551e-06
0.000000000000000000e+00
1.120286206219251813e-04
1.541005043489363717e-04
0.000000000000000000e+00
0.000000000000000000e+00
1.174099080753800919e-05
7.692795018688966383e-05
0.000000000000000000e+00
0.000000000000000000e+00
0.000000000000000000e+00
0.000000000000000000e+00
0.000000000000000000e+00
0.000000000000000000e+00
0.000000000000000000e+00
0.000000000000000000e+00
0.000000000000000000e+00
0.000000000000000000e+00
0.000000000000000000e+00
0.000000000000000000e+00
0.000000000000000000e+00
0.000000000000000000e+00
0.000000000000000000e+00
0.000000000000000000e+00
2.446039751570418934e-07
0.000000000000000000e+00
1.223019875785209255e-06
0.000000000000000000e+00
3.669059627355627872e-07
0.000000000000000000e+00
0.000000000000000000e+00
0.000000000000000000e+00
0.000000000000000000e+00
0.000000000000000000e+00
0.000000000000000000e+00
0.000000000000000000e+00
0.000000000000000000e+00
0.000000000000000000e+00
0.000000000000000000e+00
0.000000000000000000e+00
0.000000000000000000e+00
0.000000000000000000e+00
0.000000000000000000e+00
0.000000000000000000e+00
0.000000000000000000e+00
0.000000000000000000e+00
0.000000000000000000e+00
0.000000000000000000e+00
0.000000000000000000e+00
0.000000000000000000e+00
0.000000000000000000e+00
0.000000000000000000e+00
0.000000000000000000e+00
0.000000000000000000e+00
0.000000000000000000e+00
0.000000000000000000e+00
0.000000000000000000e+00
0.000000000000000000e+00
3.326614062135769412e-05
0.000000000000000000e+00
1.223019875785209467e-07
9.483626332204975196e-02
1.440668492879945174e-02
1.471402982358427543e-02
4.673684843921872833e-02
1.017613687647083431e-01
1.985511617343498070e-02
2.817250744268745555e-02
1.978356951070154787e-02
6.106746153174433950e-02
6.031567121409916674e-03
3.165016445948269641e-02
5.269882572969646073e-02
3.277925640880760549e-02
8.493151455601564981e-02
4.559772772691238207e-02
1.828512555888950689e-02
3.004959834804259112e-04
8.375423562358481899e-02
6.606007326867471829e-02
7.906089685025907698e-02
1.972828901231605397e-02
2.304670884128406233e-02
1.456983578022919912e-03
1.681774631192241298e-03
6.807450930608053771e-03
9.312073334228584184e-04
1.741580303118138180e-04
3.669059627355627872e-07
1.742803322993923400e-04
1.345321863363730202e-06
0.000000000000000000e+00
0.000000000000000000e+00
0.000000000000000000e+00
0.000000000000000000e+00
0.000000000000000000e+00
0.000000000000000000e+00
0.000000000000000000e+00
0.000000000000000000e+00
0.000000000000000000e+00
0.000000000000000000e+00
0.000000000000000000e+00
0.000000000000000000e+00
0.000000000000000000e+00
0.000000000000000000e+00
0.000000000000000000e+00
0.000000000000000000e+00
0.000000000000000000e+00
0.000000000000000000e+00
0.000000000000000000e+00
0.000000000000000000e+00
0.000000000000000000e+00
0.000000000000000000e+00
0.000000000000000000e+00
0.000000000000000000e+00
0.000000000000000000e+00
0.000000000000000000e+00
0.000000000000000000e+00
0.000000000000000000e+00
0.000000000000000000e+00
0.000000000000000000e+00
0.000000000000000000e+00
0.000000000000000000e+00
0.000000000000000000e+00
0.000000000000000000e+00
0.000000000000000000e+00
0.000000000000000000e+00
6.115099378926046277e-07
0.000000000000000000e+00
0.000000000000000000e+00
0.000000000000000000e+00
4.158267577669711765e-06
1.223019875785209467e-07
0.000000000000000000e+00
0.000000000000000000e+00
0.000000000000000000e+00
0.000000000000000000e+00
3.669059627355627872e-07
2.446039751570418934e-07
0.000000000000000000e+00
4.048195788849043146e-05
1.956831801256335147e-06
1.907911006224926684e-05
2.446039751570418934e-07
3.669059627355627872e-07
0.000000000000000000e+00
0.000000000000000000e+00
1.247480273300913445e-05
0.000000000000000000e+00
6.115099378926046277e-07
0.000000000000000000e+00
0.000000000000000000e+00
0.000000000000000000e+00
3.669059627355627872e-07
0.000000000000000000e+00
0.000000000000000000e+00
0.000000000000000000e+00
0.000000000000000000e+00
0.000000000000000000e+00
0.000000000000000000e+00
0.000000000000000000e+00
0.000000000000000000e+00
0.000000000000000000e+00
0.000000000000000000e+00
0.000000000000000000e+00
0.000000000000000000e+00
0.000000000000000000e+00
0.000000000000000000e+00
0.000000000000000000e+00
0.000000000000000000e+00
0.000000000000000000e+00
0.000000000000000000e+00
0.000000000000000000e+00
0.000000000000000000e+00
0.000000000000000000e+00
0.000000000000000000e+00
0.000000000000000000e+00
0.000000000000000000e+00
0.000000000000000000e+00
1.956831801256335147e-06
0.000000000000000000e+00
0.000000000000000000e+00
0.000000000000000000e+00
0.000000000000000000e+00
0.000000000000000000e+00
0.000000000000000000e+00
0.000000000000000000e+00
1.589925838520772095e-06
5.870495403769004595e-06
4.476252745373866099e-05
9.417253043546111414e-06
5.136683478297879338e-06
1.568094933738006097e-02
1.243688911685979399e-02
1.638846633552180644e-05
1.271940670816617676e-05
1.357552062121582403e-05
3.936900980152588663e-04
3.302153664620065349e-06
8.316535155339423529e-06
3.669059627355627872e-07
3.118700683252284035e-05
3.179851677041544191e-06
1.467623850942251149e-06
1.027336695659575868e-05
4.892079503140837021e-06
6.115099378926046277e-07
2.690643726727460404e-05
4.280569565248232923e-06
1.467623850942251149e-06
1.266559383363162830e-02
0.000000000000000000e+00
1.981292198772039210e-05
3.669059627355627872e-07
7.093515279554214486e-06
9.784159006281675737e-07
5.222294869602843556e-05
2.201435776413376617e-06
2.323737763991897776e-06
0.000000000000000000e+00
