0.000000000000000000e+00
0.000000000000000000e+00
0.000000000000000000e+00
0.000000000000000000e+00
0.000000000000000000e+00
0.000000000000000000e+00
0.000000000000000000e+00
0.000000000000000000e+00
0.000000000000000000e+00
0.000000000000000000e+00
0.000000000000000000e+00
0.000000000000000000e+00
0.000000000000000000e+00
0.000000000000000000e+00
0.000000000000000000e+00
0.000000000000000000e+00
0.000000000000000000e+00
0.000000000000000000e+00
0.000000000000000000e+00
0.000000000000000000e+00
0.000000000000000000e+00
0.000000000000000000e+00
0.000000000000000000e+00
0.000000000000000000e+00
0.000000000000000000e+00
0.000000000000000000e+00
0.000000000000000000e+00
0.000000000000000000e+00
0.000000000000000000e+00
0.000000000000000000e+00
0.000000000000000000e+00
0.000000000000000000e+00
0.000000000000000000e+00
3.171264407723997116e-05
1.084791135331794913e-03
4.374157803757237197e-06
9.636816411402663503e-06
0.000000000000000000e+00
4.791069719427849257e-05
5.012716496890110181e-03
0.000000000000000000e+00
0.000000000000000000e+00
7.791468587942579471e-06
2.234921252857213598e-05
0.000000000000000000e+00
0.000000000000000000e+00
0.000000000000000000e+00
0.000000000000000000e+00
0.000000000000000000e+00
0.000000000000000000e+00
0.000000000000000000e+00
0.000000000000000000e+00
0.000000000000000000e+00
0.000000000000000000e+00
0.000000000000000000e+00
0.000000000000000000e+00
0.000000000000000000e+00
0.000000000000000000e+00
0.000000000000000000e+00
0.000000000000000000e+00
3.417310784185341957e-07
0.000000000000000000e+00
1.913694039143791538e-06
0.000000000000000000e+00
5.467697254696546496e-07
0.000000000000000000e+00
0.000000000000000000e+00
0.000000000000000000e+00
0.000000000000000000e+00
0.000000000000000000e+00
0.000000000000000000e+00
0.000000000000000000e+00
0.000000000000000000e+00
0.000000000000000000e+00
0.000000000000000000e+00
0.000000000000000000e+00
0.000000000000000000e+00
0.000000000000000000e+00
0.000000000000000000e+00
0.000000000000000000e+00
0.000000000000000000e+00
0.000000000000000000e+00
0.000000000000000000e+00
0.000000000000000000e+00
0.000000000000000000e+00
0.000000000000000000e+00
0.000000000000000000e+00
0.000000000000000000e+00
0.000000000000000000e+00
0.000000000000000000e+00
0.000000000000000000e+00
0.000000000000000000e+00
0.000000000000000000e+00
0.000000000000000000e+00
8.885008038881888982e-07
0.000000000000000000e+00
9.568470195718957691e-07
1.090370236918055957e-01
9.740429274379163588e-03
4.108953983039750207e-02
3.955680759747468717e-02
1.110733308418859477e-01
1.111576017258239686e-02
1.853706565638202006e-02
8.875781299764589141e-03
1.148373619782347421e-01
7.688265802260181797e-04
1.998648385238639170e-03
6.884685171358999323e-02
2.578955598744288660e-02
7.458854894696251292e-02
8.634143254214843299e-02
2.704678462494467320e-02
2.999578713926525676e-03
6.395326267063658476e-02
4.782321403820334604e-02
6.618278457245478641e-02
2.897811198773486002e-02
1.445611311790788445e-02
1.355168764576539144e-03
6.922788186602665860e-04
1.745835733424607340e-03
9.696892734988641488e-03
9.431777764351542679e-06
4.784235097859478845e-07
9.568470195718957691e-06
8.201545882044820273e-07
0.000000000000000000e+00
0.000000000000000000e+00
0.000000000000000000e+00
0.000000000000000000e+00
0.000000000000000000e+00
0.000000000000000000e+00
0.000000000000000000e+00
0.000000000000000000e+00
0.000000000000000000e+00
0.000000000000000000e+00
0.000000000000000000e+00
0.000000000000000000e+00
0.000000000000000000e+00
0.000000000000000000e+00
0.000000000000000000e+00
0.000000000000000000e+00
0.000000000000000000e+00
0.000000000000000000e+00
0.000000000000000000e+00
0.000000000000000000e+00
0.000000000000000000e+00
0.000000000000000000e+00
0.000000000000000000e+00
0.000000000000000000e+00
0.000000000000000000e+00
0.000000000000000000e+00
0.000000000000000000e+00
0.000000000000000000e+00
0.000000000000000000e+00
0.000000000000000000e+00
0.000000000000000000e+00
0.000000000000000000e+00
0.000000000000000000e+00
0.000000000000000000e+00
0.000000000000000000e+00
6.834621568370683120e-08
1.571962960725257184e-06
0.000000000000000000e+00
2.733848627348273248e-07
0.000000000000000000e+00
2.050386470511205068e-07
0.000000000000000000e+00
2.733848627348273248e-07
3.677026403783427579e-05
0.000000000000000000e+00
0.000000000000000000e+00
0.000000000000000000e+00
2.050386470511205068e-07
6.834621568370683120e-08
3.554003215552755762e-05
3.417310784185341957e-07
2.542479223433894158e-05
2.187078901878618598e-06
8.885008038881888982e-07
3.417310784185341957e-07
0.000000000000000000e+00
9.636816411402663503e-06
0.000000000000000000e+00
0.000000000000000000e+00
1.239800352502441999e-04
0.000000000000000000e+00
0.000000000000000000e+00
2.050386470511205068e-07
4.784235097859478845e-07
6.834621568370683120e-08
0.000000000000000000e+00
0.000000000000000000e+00
0.000000000000000000e+00
0.000000000000000000e+00
0.000000000000000000e+00
0.000000000000000000e+00
0.000000000000000000e+00
0.000000000000000000e+00
0.000000000000000000e+00
0.000000000000000000e+00
0.000000000000000000e+00
0.000000000000000000e+00
0.000000000000000000e+00
0.000000000000000000e+00
0.000000000000000000e+00
0.000000000000000000e+00
0.000000000000000000e+00
0.000000000000000000e+00
0.000000000000000000e+00
0.000000000000000000e+00
0.000000000000000000e+00
0.000000000000000000e+00
0.000000000000000000e+00
2.187078901878618598e-06
0.000000000000000000e+00
0.000000000000000000e+00
0.000000000000000000e+00
0.000000000000000000e+00
0.000000000000000000e+00
0.000000000000000000e+00
0.000000000000000000e+00
3.485656999869048510e-06
1.678583057191840007e-03
8.099026558519260030e-05
5.399351039012840472e-06
1.435270529357843569e-05
1.770166986208006961e-05
5.672735901747667108e-06
2.289598225404178926e-05
2.159740415605136189e-05
1.698061728661696360e-03
3.790481121818381396e-04
3.759041862603875994e-06
1.729159256797782796e-05
3.681127176724450470e-04
4.674881152765547344e-05
3.964080509654996395e-06
2.938887274399393966e-06
9.568470195718957691e-07
9.500123980035250185e-06
1.004484331903439344e-03
4.797904340996219839e-05
6.492890489952149559e-06
1.571962960725257184e-06
4.080269076317297969e-05
0.000000000000000000e+00
6.971313999738097020e-06
8.391548361645525785e-04
1.503616745041550397e-05
8.201545882044820273e-07
3.970915131223367315e-05
1.571962960725257184e-06
4.100772941022410136e-07
0.000000000000000000e+00
