0.000000000000000000e+00
0.000000000000000000e+00
0.000000000000000000e+00
0.000000000000000000e+00
0.000000000000000000e+00
0.000000000000000000e+00
0.000000000000000000e+00
0.000000000000000000e+00
0.000000000000000000e+00
0.000000000000000000e+00
0.000000000000000000e+00
0.000000000000000000e+00
0.000000000000000000e+00
0.000000000000000000e+00
0.000000000000000000e+00
0.000000000000000000e+00
0.000000000000000000e+00
0.000000000000000000e+00
0.000000000000000000e+00
0.000000000000000000e+00
0.000000000000000000e+00
0.000000000000000000e+00
0.000000000000000000e+00
0.000000000000000000e+00
0.000000000000000000e+00
0.000000000000000000e+00
0.000000000000000000e+00
0.000000000000000000e+00
0.000000000000000000e+00
0.000000000000000000e+00
0.000000000000000000e+00
0.000000000000000000e+00
0.000000000000000000e+00
1.643155845116130016e-05
1.162415392145010884e-03
9.389461972092171337e-07
3.732311133906637932e-05
0.000000000000000000e+00
2.288681355697466771e-05
2.862377482192298393e-03
0.000000000000000000e+00
0.000000000000000000e+00
1.408419295813825679e-05
3.309785345162490804e-05
0.000000000000000000e+00
0.000000000000000000e+00
0.000000000000000000e+00
0.000000000000000000e+00
0.000000000000000000e+00
0.000000000000000000e+00
0.000000000000000000e+00
0.000000000000000000e+00
0.000000000000000000e+00
0.000000000000000000e+00
0.000000000000000000e+00
0.000000000000000000e+00
0.000000000000000000e+00
0.000000000000000000e+00
0.000000000000000000e+00
0.000000000000000000e+00
2.464733767674195108e-06
0.000000000000000000e+00
3.403679964883412030e-06
0.000000000000000000e+00
1.173682746511521417e-07
0.000000000000000000e+00
0.000000000000000000e+00
0.000000000000000000e+00
0.000000000000000000e+00
0.000000000000000000e+00
0.000000000000000000e+00
0.000000000000000000e+00
0.000000000000000000e+00
0.000000000000000000e+00
0.000000000000000000e+00
0.000000000000000000e+00
0.000000000000000000e+00
0.000000000000000000e+00
0.000000000000000000e+00
0.000000000000000000e+00
0.000000000000000000e+00
0.000000000000000000e+00
0.000000000000000000e+00
0.000000000000000000e+00
0.000000000000000000e+00
0.000000000000000000e+00
0.000000000000000000e+00
0.000000000000000000e+00
0.000000000000000000e+00
0.000000000000000000e+00
0.000000000000000000e+00
0.000000000000000000e+00
0.000000000000000000e+00
0.000000000000000000e+00
1.185419573976636729e-05
0.000000000000000000e+00
4.694730986046085669e-07
7.965773063746231508e-02
1.627240707073433768e-02
3.272931706922028918e-03
5.667209299323137245e-02
1.750642884724401549e-01
8.442534732206675302e-03
3.350946399082649352e-02
1.593215644252064800e-02
8.607531052711266117e-02
3.073405640015069995e-03
3.097454399491091082e-02
4.073958444588676731e-02
2.249151720794958717e-02
8.087343122629894743e-02
5.864611000458910123e-02
1.606795153629203207e-02
1.455366605674286479e-04
6.633161936529584357e-02
6.774262076315198944e-02
5.704532410662203207e-02
2.232849267445913624e-02
2.189610795064429391e-02
1.787859190933535625e-02
2.845006977543928150e-04
9.304487341244737503e-03
6.525676070604059060e-04
1.654892672581245402e-05
5.516308908604151058e-06
1.666629500046360449e-05
2.699470316976499445e-06
0.000000000000000000e+00
0.000000000000000000e+00
0.000000000000000000e+00
0.000000000000000000e+00
0.000000000000000000e+00
0.000000000000000000e+00
0.000000000000000000e+00
0.000000000000000000e+00
0.000000000000000000e+00
0.000000000000000000e+00
0.000000000000000000e+00
0.000000000000000000e+00
0.000000000000000000e+00
0.000000000000000000e+00
0.000000000000000000e+00
0.000000000000000000e+00
0.000000000000000000e+00
0.000000000000000000e+00
0.000000000000000000e+00
0.000000000000000000e+00
0.000000000000000000e+00
0.000000000000000000e+00
0.000000000000000000e+00
0.000000000000000000e+00
0.000000000000000000e+00
0.000000000000000000e+00
0.000000000000000000e+00
0.000000000000000000e+00
0.000000000000000000e+00
0.000000000000000000e+00
0.000000000000000000e+00
0.000000000000000000e+00
0.000000000000000000e+00
0.000000000000000000e+00
0.000000000000000000e+00
0.000000000000000000e+00
1.044577644395254127e-05
0.000000000000000000e+00
0.000000000000000000e+00
0.000000000000000000e+00
4.694730986046085669e-07
0.000000000000000000e+00
3.521048239534564516e-07
0.000000000000000000e+00
0.000000000000000000e+00
0.000000000000000000e+00
1.056314471860369302e-06
0.000000000000000000e+00
0.000000000000000000e+00
5.927097869883183646e-05
2.934206866278803781e-06
1.948313359209125653e-05
8.215779225580650714e-07
0.000000000000000000e+00
3.521048239534564516e-07
0.000000000000000000e+00
3.521048239534564198e-06
0.000000000000000000e+00
0.000000000000000000e+00
1.291051021162673638e-06
0.000000000000000000e+00
1.173682746511521417e-07
9.389461972092171337e-07
0.000000000000000000e+00
1.173682746511521417e-07
0.000000000000000000e+00
0.000000000000000000e+00
0.000000000000000000e+00
0.000000000000000000e+00
0.000000000000000000e+00
0.000000000000000000e+00
0.000000000000000000e+00
0.000000000000000000e+00
0.000000000000000000e+00
0.000000000000000000e+00
0.000000000000000000e+00
0.000000000000000000e+00
0.000000000000000000e+00
0.000000000000000000e+00
0.000000000000000000e+00
0.000000000000000000e+00
0.000000000000000000e+00
0.000000000000000000e+00
0.000000000000000000e+00
0.000000000000000000e+00
0.000000000000000000e+00
0.000000000000000000e+00
0.000000000000000000e+00
7.276833028371432733e-06
0.000000000000000000e+00
0.000000000000000000e+00
0.000000000000000000e+00
0.000000000000000000e+00
0.000000000000000000e+00
0.000000000000000000e+00
0.000000000000000000e+00
9.976303345347932602e-06
5.281572359301846721e-06
2.585623090564881875e-04
5.985782007208759730e-06
3.051575140929955949e-06
3.978784510674057993e-05
7.394201303022584901e-06
1.631419017651014968e-05
1.701839982441706269e-05
2.077418461325392869e-05
4.686515206820505313e-04
8.923509921727097467e-04
2.046785341641442317e-03
7.042096479069129032e-07
2.288681355697466771e-05
3.755784788836868535e-06
2.395486485630015261e-04
8.567884049534106583e-06
5.281572359301846721e-06
3.521048239534564198e-06
7.171201581185396290e-05
1.091524954255714995e-05
1.291051021162673638e-06
4.776888778301892059e-05
1.995260669069586436e-06
1.443629778209171330e-05
3.521048239534564516e-07
7.863674401627193574e-06
5.398940633952998889e-06
6.337886831162216404e-05
2.347365493023042940e-06
3.286311690232260286e-06
0.000000000000000000e+00
