0.000000000000000000e+00
0.000000000000000000e+00
0.000000000000000000e+00
0.000000000000000000e+00
0.000000000000000000e+00
0.000000000000000000e+00
0.000000000000000000e+00
0.000000000000000000e+00
0.000000000000000000e+00
0.000000000000000000e+00
0.000000000000000000e+00
0.000000000000000000e+00
0.000000000000000000e+00
0.000000000000000000e+00
0.000000000000000000e+00
0.000000000000000000e+00
0.000000000000000000e+00
0.000000000000000000e+00
0.000000000000000000e+00
0.000000000000000000e+00
0.000000000000000000e+00
0.000000000000000000e+00
0.000000000000000000e+00
0.000000000000000000e+00
0.000000000000000000e+00
0.000000000000000000e+00
0.000000000000000000e+00
0.000000000000000000e+00
0.000000000000000000e+00
0.000000000000000000e+00
0.000000000000000000e+00
0.000000000000000000e+00
0.000000000000000000e+00
2.427028770031328637e-05
2.352603475376044070e-03
9.202259859764017942e-06
1.493887331620170455e-04
0.000000000000000000e+00
4.563459860280635834e-05
1.957013930176481047e-03
0.000000000000000000e+00
0.000000000000000000e+00
7.534013920274634216e-06
2.954409744450552897e-05
0.000000000000000000e+00
0.000000000000000000e+00
0.000000000000000000e+00
0.000000000000000000e+00
0.000000000000000000e+00
0.000000000000000000e+00
0.000000000000000000e+00
0.000000000000000000e+00
0.000000000000000000e+00
0.000000000000000000e+00
0.000000000000000000e+00
0.000000000000000000e+00
0.000000000000000000e+00
0.000000000000000000e+00
0.000000000000000000e+00
0.000000000000000000e+00
7.534013920274633792e-07
0.000000000000000000e+00
9.148445474619198176e-07
0.000000000000000000e+00
1.668245939489383303e-06
0.000000000000000000e+00
0.000000000000000000e+00
0.000000000000000000e+00
0.000000000000000000e+00
0.000000000000000000e+00
0.000000000000000000e+00
0.000000000000000000e+00
0.000000000000000000e+00
0.000000000000000000e+00
0.000000000000000000e+00
0.000000000000000000e+00
0.000000000000000000e+00
0.000000000000000000e+00
0.000000000000000000e+00
0.000000000000000000e+00
0.000000000000000000e+00
0.000000000000000000e+00
0.000000000000000000e+00
0.000000000000000000e+00
0.000000000000000000e+00
0.000000000000000000e+00
0.000000000000000000e+00
0.000000000000000000e+00
0.000000000000000000e+00
0.000000000000000000e+00
0.000000000000000000e+00
0.000000000000000000e+00
0.000000000000000000e+00
0.000000000000000000e+00
5.811953595640432206e-06
0.000000000000000000e+00
4.843294663033693152e-07
8.718866763762167515e-02
1.489280820251773912e-02
3.445401431634850797e-02
3.907667000028844373e-02
1.183267471701167362e-01
2.162235087926247731e-02
2.000006242468676740e-02
4.455061544283427100e-02
7.896077103528975627e-02
2.171625698134018422e-03
6.299780996978214878e-03
4.168085572621652024e-02
2.614485799244790562e-02
7.708916053433809146e-02
7.154880814052357041e-02
2.127422562176064375e-02
1.075319043963769618e-03
6.552902338945384986e-02
6.562588928271451127e-02
8.617405122010127205e-02
2.688512867450003341e-02
1.047830656031796190e-02
1.490534695425648100e-02
2.191483206252456666e-03
1.506522949252173810e-02
1.581712408176514598e-03
3.180430162058791720e-05
2.152575405792752512e-06
3.180430162058791720e-05
5.650510440205975662e-06
0.000000000000000000e+00
0.000000000000000000e+00
0.000000000000000000e+00
0.000000000000000000e+00
0.000000000000000000e+00
0.000000000000000000e+00
0.000000000000000000e+00
0.000000000000000000e+00
0.000000000000000000e+00
0.000000000000000000e+00
0.000000000000000000e+00
0.000000000000000000e+00
0.000000000000000000e+00
0.000000000000000000e+00
0.000000000000000000e+00
0.000000000000000000e+00
0.000000000000000000e+00
0.000000000000000000e+00
0.000000000000000000e+00
0.000000000000000000e+00
0.000000000000000000e+00
0.000000000000000000e+00
0.000000000000000000e+00
0.000000000000000000e+00
0.000000000000000000e+00
0.000000000000000000e+00
0.000000000000000000e+00
0.000000000000000000e+00
0.000000000000000000e+00
0.000000000000000000e+00
0.000000000000000000e+00
0.000000000000000000e+00
0.000000000000000000e+00
0.000000000000000000e+00
1.183916473186013882e-06
2.152575405792752512e-07
2.114905336191379544e-05
0.000000000000000000e+00
1.022473317751557549e-06
0.000000000000000000e+00
2.583090486951303014e-06
1.614431554344564384e-07
1.076287702896376256e-07
5.381438514481881280e-08
0.000000000000000000e+00
1.076287702896376256e-07
0.000000000000000000e+00
1.614431554344564384e-07
0.000000000000000000e+00
6.027211136219707372e-05
6.995870068826445664e-07
1.614431554344564384e-07
1.076287702896376256e-07
0.000000000000000000e+00
1.614431554344564384e-07
0.000000000000000000e+00
1.022473317751557549e-06
0.000000000000000000e+00
0.000000000000000000e+00
5.381438514481881280e-08
0.000000000000000000e+00
5.381438514481881280e-08
2.690719257240940640e-07
0.000000000000000000e+00
5.381438514481881280e-08
0.000000000000000000e+00
0.000000000000000000e+00
0.000000000000000000e+00
0.000000000000000000e+00
0.000000000000000000e+00
0.000000000000000000e+00
0.000000000000000000e+00
0.000000000000000000e+00
0.000000000000000000e+00
0.000000000000000000e+00
0.000000000000000000e+00
0.000000000000000000e+00
0.000000000000000000e+00
0.000000000000000000e+00
0.000000000000000000e+00
0.000000000000000000e+00
0.000000000000000000e+00
0.000000000000000000e+00
0.000000000000000000e+00
0.000000000000000000e+00
0.000000000000000000e+00
0.000000000000000000e+00
0.000000000000000000e+00
6.027211136219707034e-06
0.000000000000000000e+00
0.000000000000000000e+00
0.000000000000000000e+00
0.000000000000000000e+00
0.000000000000000000e+00
0.000000000000000000e+00
0.000000000000000000e+00
2.690719257240940852e-06
8.287415312302096959e-06
6.247850115313465045e-05
8.987002319184741420e-06
7.264941994550540257e-06
1.501421345540445015e-05
4.466593967019961568e-06
7.803085845998729021e-06
1.226967981301869059e-05
1.103194895468785652e-05
1.208132946501182389e-04
6.565354987667895797e-06
4.358965196730324154e-06
2.044946635503115098e-06
2.884451043762288451e-05
4.089893271006230196e-06
1.399174013765289133e-06
2.421647331516846894e-06
9.740403711212205858e-06
1.722060324634202010e-06
2.792966589016096691e-05
5.381438514481881704e-06
1.668245939489383303e-06
2.992079814051926034e-05
0.000000000000000000e+00
6.134839906509345295e-06
1.345359628620470426e-06
7.749271460853909043e-06
8.072157771722821920e-07
4.837913224519211790e-05
2.152575405792752512e-06
8.610301623171010048e-07
0.000000000000000000e+00
