0.000000000000000000e+00
0.000000000000000000e+00
0.000000000000000000e+00
0.000000000000000000e+00
0.000000000000000000e+00
0.000000000000000000e+00
0.000000000000000000e+00
0.000000000000000000e+00
0.000000000000000000e+00
0.000000000000000000e+00
0.000000000000000000e+00
0.000000000000000000e+00
0.000000000000000000e+00
0.000000000000000000e+00
0.000000000000000000e+00
0.000000000000000000e+00
0.000000000000000000e+00
0.000000000000000000e+00
0.000000000000000000e+00
0.000000000000000000e+00
0.000000000000000000e+00
0.000000000000000000e+00
0.000000000000000000e+00
0.000000000000000000e+00
0.000000000000000000e+00
0.000000000000000000e+00
0.000000000000000000e+00
0.000000000000000000e+00
0.000000000000000000e+00
0.000000000000000000e+00
0.000000000000000000e+00
0.000000000000000000e+00
0.000000000000000000e+00
2.406421263448789671e-05
4.899094185085708177e-05
2.760053062020117283e-06
4.140079593030175924e-06
0.000000000000000000e+00
2.302919273623035273e-05
4.062453100660860041e-05
0.000000000000000000e+00
0.000000000000000000e+00
1.216148380452614262e-05
4.657589542158948253e-05
0.000000000000000000e+00
0.000000000000000000e+00
0.000000000000000000e+00
0.000000000000000000e+00
0.000000000000000000e+00
0.000000000000000000e+00
0.000000000000000000e+00
0.000000000000000000e+00
0.000000000000000000e+00
0.000000000000000000e+00
0.000000000000000000e+00
0.000000000000000000e+00
0.000000000000000000e+00
0.000000000000000000e+00
0.000000000000000000e+00
0.000000000000000000e+00
4.140079593030175924e-06
0.000000000000000000e+00
6.555126022297778546e-06
0.000000000000000000e+00
8.625165818812866508e-07
0.000000000000000000e+00
0.000000000000000000e+00
0.000000000000000000e+00
0.000000000000000000e+00
0.000000000000000000e+00
0.000000000000000000e+00
0.000000000000000000e+00
0.000000000000000000e+00
0.000000000000000000e+00
0.000000000000000000e+00
0.000000000000000000e+00
0.000000000000000000e+00
0.000000000000000000e+00
0.000000000000000000e+00
0.000000000000000000e+00
0.000000000000000000e+00
0.000000000000000000e+00
0.000000000000000000e+00
0.000000000000000000e+00
0.000000000000000000e+00
0.000000000000000000e+00
0.000000000000000000e+00
0.000000000000000000e+00
0.000000000000000000e+00
0.000000000000000000e+00
0.000000000000000000e+00
0.000000000000000000e+00
0.000000000000000000e+00
0.000000000000000000e+00
1.449027857560561573e-05
0.000000000000000000e+00
6.037616073169006556e-07
9.452345096334477392e-02
1.367373412753860110e-02
4.182593035351104410e-02
3.290345506892369820e-02
7.836014897386402167e-02
4.656468270602502624e-03
1.616744206907377857e-02
1.347371653220033084e-02
8.641510508039516869e-02
2.354273510908247088e-02
3.712607749883991420e-02
2.644035956591265363e-02
2.819937588300135134e-02
6.114414549619716366e-02
8.230849113074198420e-02
3.136489799016386332e-02
1.814734888278227046e-04
5.559307502686738900e-02
4.765628369205397730e-02
4.176313914635008950e-02
2.724931386805911487e-02
1.338280728447004391e-03
5.072399641883115068e-02
8.104205803356569811e-04
3.857338032323671256e-02
5.328584317033494694e-02
9.297928752680270604e-05
1.319650370278368660e-05
9.246177757767392897e-05
1.725033163762573302e-06
0.000000000000000000e+00
0.000000000000000000e+00
0.000000000000000000e+00
0.000000000000000000e+00
0.000000000000000000e+00
0.000000000000000000e+00
0.000000000000000000e+00
0.000000000000000000e+00
0.000000000000000000e+00
0.000000000000000000e+00
0.000000000000000000e+00
0.000000000000000000e+00
0.000000000000000000e+00
0.000000000000000000e+00
0.000000000000000000e+00
0.000000000000000000e+00
0.000000000000000000e+00
0.000000000000000000e+00
0.000000000000000000e+00
0.000000000000000000e+00
0.000000000000000000e+00
0.000000000000000000e+00
0.000000000000000000e+00
0.000000000000000000e+00
0.000000000000000000e+00
0.000000000000000000e+00
0.000000000000000000e+00
0.000000000000000000e+00
0.000000000000000000e+00
0.000000000000000000e+00
0.000000000000000000e+00
0.000000000000000000e+00
0.000000000000000000e+00
0.000000000000000000e+00
0.000000000000000000e+00
2.587549745643859952e-07
2.587549745643859952e-07
0.000000000000000000e+00
0.000000000000000000e+00
0.000000000000000000e+00
1.983788138326959297e-06
0.000000000000000000e+00
1.725033163762573302e-07
0.000000000000000000e+00
0.000000000000000000e+00
0.000000000000000000e+00
0.000000000000000000e+00
0.000000000000000000e+00
0.000000000000000000e+00
5.502855792402608663e-05
3.191311352960760608e-06
5.131973662193655826e-05
9.487682400694153159e-06
3.018808036584503278e-06
5.175099491287719905e-07
0.000000000000000000e+00
1.293774872821929976e-06
0.000000000000000000e+00
6.900132655050293207e-07
8.625165818812866508e-08
0.000000000000000000e+00
1.725033163762573302e-07
0.000000000000000000e+00
2.587549745643859952e-07
0.000000000000000000e+00
0.000000000000000000e+00
0.000000000000000000e+00
0.000000000000000000e+00
0.000000000000000000e+00
0.000000000000000000e+00
0.000000000000000000e+00
0.000000000000000000e+00
0.000000000000000000e+00
0.000000000000000000e+00
0.000000000000000000e+00
0.000000000000000000e+00
0.000000000000000000e+00
0.000000000000000000e+00
0.000000000000000000e+00
0.000000000000000000e+00
0.000000000000000000e+00
0.000000000000000000e+00
0.000000000000000000e+00
0.000000000000000000e+00
0.000000000000000000e+00
0.000000000000000000e+00
0.000000000000000000e+00
0.000000000000000000e+00
6.813880996862164541e-06
0.000000000000000000e+00
0.000000000000000000e+00
0.000000000000000000e+00
0.000000000000000000e+00
0.000000000000000000e+00
0.000000000000000000e+00
0.000000000000000000e+00
8.366410844248481360e-06
6.641377680485907211e-06
7.685022744562263635e-05
6.727629338674035876e-06
6.037616073169006556e-06
1.897536480138830632e-05
2.760053062020117283e-06
4.053827934842047259e-06
1.906161645957643583e-05
1.612906008118005952e-05
1.324825469769656296e-04
2.587549745643859952e-06
1.311025204459555709e-05
2.587549745643859952e-07
4.441960396688626506e-05
3.277563011148889273e-06
9.487682400694153159e-07
4.830092858535205245e-06
1.785409324494263282e-05
1.380026531010058641e-06
9.621631225860316841e-03
3.450066327525146603e-06
6.900132655050293207e-07
3.950325945016293030e-05
0.000000000000000000e+00
6.382622705921521216e-06
8.625165818812866508e-08
1.388651696828871593e-05
1.380026531010058641e-06
5.476980294946170487e-05
5.951364414980877891e-06
8.625165818812866508e-07
0.000000000000000000e+00
