0.000000000000000000e+00
0.000000000000000000e+00
0.000000000000000000e+00
0.000000000000000000e+00
0.000000000000000000e+00
0.000000000000000000e+00
0.000000000000000000e+00
0.000000000000000000e+00
0.000000000000000000e+00
0.000000000000000000e+00
0.000000000000000000e+00
0.000000000000000000e+00
0.000000000000000000e+00
0.000000000000000000e+00
0.000000000000000000e+00
0.000000000000000000e+00
0.000000000000000000e+00
0.000000000000000000e+00
0.000000000000000000e+00
0.000000000000000000e+00
0.000000000000000000e+00
0.000000000000000000e+00
0.000000000000000000e+00
0.000000000000000000e+00
0.000000000000000000e+00
0.000000000000000000e+00
0.000000000000000000e+00
0.000000000000000000e+00
0.000000000000000000e+00
0.000000000000000000e+00
0.000000000000000000e+00
0.000000000000000000e+00
0.000000000000000000e+00
2.045669616995868134e-05
6.546998703096818667e-04
2.396600388112314224e-06
6.162686712288808126e-06
0.000000000000000000e+00
2.156940349301082971e-05
8.798433581986330257e-03
0.000000000000000000e+00
0.000000000000000000e+00
7.446579777348976521e-06
9.158437197429200821e-05
0.000000000000000000e+00
0.000000000000000000e+00
0.000000000000000000e+00
0.000000000000000000e+00
0.000000000000000000e+00
0.000000000000000000e+00
0.000000000000000000e+00
0.000000000000000000e+00
0.000000000000000000e+00
0.000000000000000000e+00
0.000000000000000000e+00
0.000000000000000000e+00
0.000000000000000000e+00
0.000000000000000000e+00
0.000000000000000000e+00
0.000000000000000000e+00
6.505058196304853257e-06
0.000000000000000000e+00
1.087029461750942614e-05
0.000000000000000000e+00
1.112707323052145829e-06
0.000000000000000000e+00
0.000000000000000000e+00
0.000000000000000000e+00
0.000000000000000000e+00
0.000000000000000000e+00
0.000000000000000000e+00
0.000000000000000000e+00
0.000000000000000000e+00
0.000000000000000000e+00
0.000000000000000000e+00
0.000000000000000000e+00
0.000000000000000000e+00
0.000000000000000000e+00
0.000000000000000000e+00
0.000000000000000000e+00
0.000000000000000000e+00
0.000000000000000000e+00
0.000000000000000000e+00
0.000000000000000000e+00
0.000000000000000000e+00
0.000000000000000000e+00
0.000000000000000000e+00
0.000000000000000000e+00
0.000000000000000000e+00
0.000000000000000000e+00
0.000000000000000000e+00
0.000000000000000000e+00
0.000000000000000000e+00
0.000000000000000000e+00
2.002873181493862662e-05
0.000000000000000000e+00
4.279643550200560963e-07
1.179687168327624852e-01
1.337508439457081068e-02
4.133913128029131911e-02
4.131071444711798685e-02
1.246554886942088519e-01
9.566287227763314860e-03
1.394838544455567764e-02
5.397486445512947664e-03
7.415201430838906649e-02
3.001998764723685497e-03
1.294934545419685733e-03
6.896046431051176817e-02
3.079794125179231498e-02
6.489514530930524938e-02
4.793055268343921621e-02
2.664882682987287227e-02
8.239683320072145253e-03
6.907062233549392249e-02
7.869733813018607582e-02
6.059256286967561189e-02
3.575102951105243315e-02
1.381614445885447941e-02
7.605782517416437337e-04
5.317371518253193388e-03
3.082028099112436251e-03
1.719988742825605483e-03
1.637391622306734603e-04
1.138385184353349214e-05
1.636535693596694507e-04
1.968636033092258234e-06
0.000000000000000000e+00
0.000000000000000000e+00
0.000000000000000000e+00
0.000000000000000000e+00
0.000000000000000000e+00
0.000000000000000000e+00
0.000000000000000000e+00
0.000000000000000000e+00
0.000000000000000000e+00
0.000000000000000000e+00
0.000000000000000000e+00
0.000000000000000000e+00
0.000000000000000000e+00
0.000000000000000000e+00
0.000000000000000000e+00
0.000000000000000000e+00
0.000000000000000000e+00
0.000000000000000000e+00
0.000000000000000000e+00
0.000000000000000000e+00
0.000000000000000000e+00
0.000000000000000000e+00
0.000000000000000000e+00
0.000000000000000000e+00
0.000000000000000000e+00
0.000000000000000000e+00
0.000000000000000000e+00
0.000000000000000000e+00
0.000000000000000000e+00
0.000000000000000000e+00
0.000000000000000000e+00
0.000000000000000000e+00
0.000000000000000000e+00
0.000000000000000000e+00
5.135572260240673791e-07
0.000000000000000000e+00
6.847429680320898388e-07
0.000000000000000000e+00
1.711857420080224597e-07
0.000000000000000000e+00
2.567786130120336896e-07
8.559287100401122985e-08
1.711857420080224597e-07
1.027114452048134758e-06
0.000000000000000000e+00
8.559287100401122985e-08
0.000000000000000000e+00
1.711857420080224597e-07
0.000000000000000000e+00
4.305321411501764306e-05
2.139821775100280799e-06
2.627701139823144518e-05
3.252529098152426628e-06
9.415215810441234754e-07
3.594900582168471336e-06
0.000000000000000000e+00
7.270258463080713244e-04
0.000000000000000000e+00
1.797450291084235668e-06
3.766086324176493902e-06
0.000000000000000000e+00
0.000000000000000000e+00
1.027114452048134758e-06
0.000000000000000000e+00
1.626264549076213314e-06
0.000000000000000000e+00
0.000000000000000000e+00
0.000000000000000000e+00
0.000000000000000000e+00
0.000000000000000000e+00
0.000000000000000000e+00
0.000000000000000000e+00
0.000000000000000000e+00
0.000000000000000000e+00
0.000000000000000000e+00
0.000000000000000000e+00
0.000000000000000000e+00
0.000000000000000000e+00
0.000000000000000000e+00
0.000000000000000000e+00
0.000000000000000000e+00
0.000000000000000000e+00
0.000000000000000000e+00
0.000000000000000000e+00
0.000000000000000000e+00
0.000000000000000000e+00
0.000000000000000000e+00
0.000000000000000000e+00
5.991500970280785560e-06
0.000000000000000000e+00
0.000000000000000000e+00
0.000000000000000000e+00
0.000000000000000000e+00
0.000000000000000000e+00
0.000000000000000000e+00
0.000000000000000000e+00
2.995750485140392780e-06
4.428403960005532561e-03
8.893099297316765675e-05
3.680493453172482619e-06
5.649129486264740429e-06
1.087029461750942614e-05
4.365236421204572034e-06
4.194050679196550316e-06
1.133078426351100511e-03
3.344113470126718491e-03
4.822131166623984042e-03
3.937272066184516467e-06
2.995750485140392780e-06
1.540671678072202031e-06
3.298834841365596605e-03
8.644879971405134480e-06
5.403477946483228878e-04
2.653379001124348072e-06
4.099898521092137905e-05
2.393005487530145727e-03
5.338512957391183811e-03
3.423714840160448771e-06
7.703358390361010157e-07
2.430837536513918737e-05
0.000000000000000000e+00
5.734722357268751712e-06
1.797450291084235668e-06
1.017699236237693417e-03
1.626264549076213314e-06
3.634273302830316526e-04
2.738971872128359355e-06
1.968636033092258234e-06
0.000000000000000000e+00
