0.000000000000000000e+00
0.000000000000000000e+00
0.000000000000000000e+00
0.000000000000000000e+00
0.000000000000000000e+00
0.000000000000000000e+00
0.000000000000000000e+00
0.000000000000000000e+00
0.000000000000000000e+00
0.000000000000000000e+00
0.000000000000000000e+00
0.000000000000000000e+00
0.000000000000000000e+00
0.000000000000000000e+00
0.000000000000000000e+00
0.000000000000000000e+00
0.000000000000000000e+00
0.000000000000000000e+00
0.000000000000000000e+00
0.000000000000000000e+00
0.000000000000000000e+00
0.000000000000000000e+00
0.000000000000000000e+00
0.000000000000000000e+00
0.000000000000000000e+00
0.000000000000000000e+00
0.000000000000000000e+00
0.000000000000000000e+00
0.000000000000000000e+00
0.000000000000000000e+00
0.000000000000000000e+00
0.000000000000000000e+00
0.000000000000000000e+00
3.556008870060376544e-05
6.164083076592669975e-05
5.567235325482394538e-06
7.974688439204512033e-06
0.000000000000000000e+00
2.267018348754993036e-05
8.759167067365503795e-03
0.000000000000000000e+00
0.000000000000000000e+00
4.814906227444233297e-06
2.969192173590610420e-05
0.000000000000000000e+00
0.000000000000000000e+00
0.000000000000000000e+00
0.000000000000000000e+00
0.000000000000000000e+00
0.000000000000000000e+00
0.000000000000000000e+00
0.000000000000000000e+00
0.000000000000000000e+00
0.000000000000000000e+00
0.000000000000000000e+00
0.000000000000000000e+00
0.000000000000000000e+00
0.000000000000000000e+00
0.000000000000000000e+00
0.000000000000000000e+00
1.203726556861058324e-06
0.000000000000000000e+00
2.006210928101764015e-06
0.000000000000000000e+00
1.203726556861058324e-06
0.000000000000000000e+00
0.000000000000000000e+00
0.000000000000000000e+00
0.000000000000000000e+00
0.000000000000000000e+00
0.000000000000000000e+00
0.000000000000000000e+00
0.000000000000000000e+00
0.000000000000000000e+00
0.000000000000000000e+00
0.000000000000000000e+00
0.000000000000000000e+00
0.000000000000000000e+00
0.000000000000000000e+00
0.000000000000000000e+00
0.000000000000000000e+00
0.000000000000000000e+00
0.000000000000000000e+00
0.000000000000000000e+00
0.000000000000000000e+00
0.000000000000000000e+00
0.000000000000000000e+00
0.000000000000000000e+00
0.000000000000000000e+00
0.000000000000000000e+00
0.000000000000000000e+00
0.000000000000000000e+00
0.000000000000000000e+00
0.000000000000000000e+00
1.454502922873778879e-06
0.000000000000000000e+00
7.021738248356173205e-07
7.734585115329292715e-02
9.729671603834730981e-03
3.251927479687992395e-02
4.161317815759920519e-02
1.412639820989811390e-01
1.086137518837693682e-02
1.188775269919379977e-02
8.905770930936540014e-03
7.353209433424466590e-02
3.147444014552452235e-03
2.091274271453278429e-03
5.928197811193784000e-02
2.827874675815122280e-02
7.468566561790318525e-02
5.397534958601586663e-02
2.917161093170291333e-02
8.360884042864100141e-03
6.780265685522525454e-02
7.769653682352510582e-02
6.790908634496105323e-02
5.220863008745624950e-02
1.224746631860244503e-02
9.973877629057918952e-04
4.166097613296122770e-03
3.751965522462716220e-03
1.230308851658406611e-03
1.334130267187672962e-05
7.623601526786703002e-06
1.374254485749708183e-05
2.658229479734837203e-06
0.000000000000000000e+00
0.000000000000000000e+00
0.000000000000000000e+00
0.000000000000000000e+00
0.000000000000000000e+00
0.000000000000000000e+00
0.000000000000000000e+00
0.000000000000000000e+00
0.000000000000000000e+00
0.000000000000000000e+00
0.000000000000000000e+00
0.000000000000000000e+00
0.000000000000000000e+00
0.000000000000000000e+00
0.000000000000000000e+00
0.000000000000000000e+00
0.000000000000000000e+00
0.000000000000000000e+00
0.000000000000000000e+00
0.000000000000000000e+00
0.000000000000000000e+00
0.000000000000000000e+00
0.000000000000000000e+00
0.000000000000000000e+00
0.000000000000000000e+00
0.000000000000000000e+00
0.000000000000000000e+00
0.000000000000000000e+00
0.000000000000000000e+00
0.000000000000000000e+00
0.000000000000000000e+00
0.000000000000000000e+00
0.000000000000000000e+00
0.000000000000000000e+00
1.003105464050881981e-07
0.000000000000000000e+00
1.404347649671234641e-06
0.000000000000000000e+00
0.000000000000000000e+00
0.000000000000000000e+00
7.021738248356173205e-07
0.000000000000000000e+00
2.006210928101763962e-07
5.015527320254409905e-08
0.000000000000000000e+00
0.000000000000000000e+00
0.000000000000000000e+00
2.006210928101763962e-07
1.003105464050881981e-07
5.251257104306366664e-05
2.708384752937381229e-06
9.027949176457937431e-07
0.000000000000000000e+00
2.507763660127205019e-07
2.156676747709396094e-06
0.000000000000000000e+00
9.529501908483378753e-07
0.000000000000000000e+00
0.000000000000000000e+00
3.009316392152645810e-07
0.000000000000000000e+00
1.003105464050881981e-07
2.507763660127205019e-07
1.504658196076322905e-07
2.507763660127205019e-07
0.000000000000000000e+00
0.000000000000000000e+00
0.000000000000000000e+00
0.000000000000000000e+00
0.000000000000000000e+00
0.000000000000000000e+00
0.000000000000000000e+00
0.000000000000000000e+00
0.000000000000000000e+00
0.000000000000000000e+00
0.000000000000000000e+00
0.000000000000000000e+00
0.000000000000000000e+00
0.000000000000000000e+00
0.000000000000000000e+00
0.000000000000000000e+00
0.000000000000000000e+00
0.000000000000000000e+00
0.000000000000000000e+00
0.000000000000000000e+00
0.000000000000000000e+00
0.000000000000000000e+00
0.000000000000000000e+00
1.018152046011645088e-05
0.000000000000000000e+00
0.000000000000000000e+00
0.000000000000000000e+00
0.000000000000000000e+00
0.000000000000000000e+00
0.000000000000000000e+00
0.000000000000000000e+00
2.959161118950101784e-06
4.025361916689783846e-03
5.592312962083666720e-05
3.098091225721148669e-04
9.679967728091010620e-06
1.584906633200393601e-05
3.912111309798439130e-06
6.169098603912923700e-06
6.447460370187043689e-04
3.966279004857187207e-03
2.460677889644656557e-02
9.934254963227908460e-04
8.792219392405979661e-05
1.554813469278866931e-06
3.405543050452744465e-05
3.974303848569593926e-04
1.752926798428916055e-04
2.959161118950101784e-06
7.222359341166349945e-06
1.454502922873778879e-06
2.909005845747557589e-05
4.789828590842961351e-04
7.021738248356173205e-07
3.129689047838751304e-05
3.009316392152645810e-07
3.260092758165366365e-06
1.944018389330609033e-04
9.479346635280834515e-06
1.638572775527115540e-04
3.014331919472900044e-05
2.206832020911940120e-06
9.529501908483378753e-07
