0.000000000000000000e+00
0.000000000000000000e+00
0.000000000000000000e+00
0.000000000000000000e+00
0.000000000000000000e+00
0.000000000000000000e+00
0.000000000000000000e+00
0.000000000000000000e+00
0.000000000000000000e+00
0.000000000000000000e+00
0.000000000000000000e+00
0.000000000000000000e+00
0.000000000000000000e+00
0.000000000000000000e+00
0.000000000000000000e+00
0.000000000000000000e+00
0.000000000000000000e+00
0.000000000000000000e+00
0.000000000000000000e+00
0.000000000000000000e+00
0.000000000000000000e+00
0.000000000000000000e+00
0.000000000000000000e+00
0.000000000000000000e+00
0.000000000000000000e+00
0.000000000000000000e+00
0.000000000000000000e+00
0.000000000000000000e+00
0.000000000000000000e+00
0.000000000000000000e+00
0.000000000000000000e+00
0.000000000000000000e+00
0.000000000000000000e+00
1.802122107342968968e-05
5.776018477179679401e-04
7.056502227547770108e-06
2.209228005086109672e-05
0.000000000000000000e+00
3.148285609213620809e-05
1.408586406191266469e-04
0.000000000000000000e+00
0.000000000000000000e+00
8.033556382131307899e-06
3.506538799227584412e-05
0.000000000000000000e+00
0.000000000000000000e+00
0.000000000000000000e+00
0.000000000000000000e+00
0.000000000000000000e+00
0.000000000000000000e+00
0.000000000000000000e+00
0.000000000000000000e+00
0.000000000000000000e+00
0.000000000000000000e+00
0.000000000000000000e+00
0.000000000000000000e+00
0.000000000000000000e+00
0.000000000000000000e+00
0.000000000000000000e+00
0.000000000000000000e+00
2.334073813727339571e-06
0.000000000000000000e+00
3.202566395579372881e-06
0.000000000000000000e+00
8.142117954862811745e-07
0.000000000000000000e+00
0.000000000000000000e+00
0.000000000000000000e+00
0.000000000000000000e+00
0.000000000000000000e+00
0.000000000000000000e+00
0.000000000000000000e+00
0.000000000000000000e+00
0.000000000000000000e+00
0.000000000000000000e+00
0.000000000000000000e+00
0.000000000000000000e+00
0.000000000000000000e+00
0.000000000000000000e+00
0.000000000000000000e+00
0.000000000000000000e+00
0.000000000000000000e+00
0.000000000000000000e+00
0.000000000000000000e+00
0.000000000000000000e+00
0.000000000000000000e+00
0.000000000000000000e+00
0.000000000000000000e+00
0.000000000000000000e+00
0.000000000000000000e+00
0.000000000000000000e+00
0.000000000000000000e+00
0.000000000000000000e+00
0.000000000000000000e+00
1.118184199134492939e-05
0.000000000000000000e+00
4.342462909260166546e-07
1.165739596069528261e-01
1.311955750302954554e-02
4.602017345425283429e-02
5.217561462812912026e-02
1.268933884645186971e-01
8.983632985891066777e-03
1.298884936946081460e-02
6.841061786462100149e-03
6.858057100673217721e-02
3.973245000400320651e-03
1.365704584962322424e-03
6.006299285257745563e-02
2.770502192265259303e-02
7.255473878050071324e-02
8.211429090973240696e-02
2.572496739760268825e-02
5.729825527982424296e-03
6.495358314255898768e-02
7.054010739453582535e-02
4.569817982953119223e-02
3.660717944820866820e-02
9.511405071725273844e-03
8.291390117368630051e-04
2.188492744694392304e-03
8.796907080792878975e-03
3.906968160247737201e-03
8.321244549869793842e-05
2.062669881898579215e-06
8.353813021689245695e-05
1.736985163704066618e-06
0.000000000000000000e+00
0.000000000000000000e+00
0.000000000000000000e+00
0.000000000000000000e+00
0.000000000000000000e+00
0.000000000000000000e+00
0.000000000000000000e+00
0.000000000000000000e+00
0.000000000000000000e+00
0.000000000000000000e+00
0.000000000000000000e+00
0.000000000000000000e+00
0.000000000000000000e+00
0.000000000000000000e+00
0.000000000000000000e+00
0.000000000000000000e+00
0.000000000000000000e+00
0.000000000000000000e+00
0.000000000000000000e+00
0.000000000000000000e+00
0.000000000000000000e+00
0.000000000000000000e+00
0.000000000000000000e+00
0.000000000000000000e+00
0.000000000000000000e+00
0.000000000000000000e+00
0.000000000000000000e+00
0.000000000000000000e+00
0.000000000000000000e+00
0.000000000000000000e+00
0.000000000000000000e+00
0.000000000000000000e+00
0.000000000000000000e+00
0.000000000000000000e+00
8.793487391251837574e-06
5.428078636575208183e-08
1.791265950069818647e-06
0.000000000000000000e+00
1.628423590972562455e-07
0.000000000000000000e+00
1.085615727315041637e-07
0.000000000000000000e+00
0.000000000000000000e+00
2.040957567352278150e-05
0.000000000000000000e+00
1.628423590972562455e-07
5.428078636575208183e-08
5.428078636575208183e-08
5.428078636575208183e-08
5.618061388855340220e-05
2.931162463750612525e-06
3.023439800572390741e-05
4.125339763797158431e-06
2.279793027361587331e-06
1.628423590972562455e-07
0.000000000000000000e+00
2.985443250116364342e-06
0.000000000000000000e+00
1.628423590972562455e-07
5.639773703401641455e-05
0.000000000000000000e+00
1.628423590972562455e-07
2.714039318287604091e-07
5.428078636575208183e-08
1.281026558231749152e-05
0.000000000000000000e+00
0.000000000000000000e+00
0.000000000000000000e+00
0.000000000000000000e+00
0.000000000000000000e+00
0.000000000000000000e+00
0.000000000000000000e+00
0.000000000000000000e+00
0.000000000000000000e+00
0.000000000000000000e+00
0.000000000000000000e+00
0.000000000000000000e+00
0.000000000000000000e+00
0.000000000000000000e+00
0.000000000000000000e+00
0.000000000000000000e+00
0.000000000000000000e+00
0.000000000000000000e+00
0.000000000000000000e+00
0.000000000000000000e+00
0.000000000000000000e+00
0.000000000000000000e+00
0.000000000000000000e+00
4.559586054723174662e-06
0.000000000000000000e+00
0.000000000000000000e+00
0.000000000000000000e+00
0.000000000000000000e+00
0.000000000000000000e+00
0.000000000000000000e+00
0.000000000000000000e+00
4.071058977431406190e-06
6.622255936621753877e-06
3.747165525186963581e-03
4.722428413820431384e-06
1.405872366872978882e-05
5.536640209306712452e-06
1.845546736435570676e-06
6.730817509353258358e-06
1.476437389148456541e-05
1.253886165048873117e-05
3.054108444869040734e-03
4.179620550162909824e-06
3.256847181945124698e-06
1.248458086412297935e-06
5.569262961912528967e-03
2.931162463750612525e-06
2.225512240995835514e-06
9.227733682177853381e-07
1.660992062792013583e-03
2.171231454630083273e-06
8.587817491712002038e-03
3.311127968310876939e-06
1.357019659143801993e-06
1.829262500525845173e-05
0.000000000000000000e+00
3.528251113773885054e-06
8.142117954862811745e-07
1.521327599472933586e-03
2.008389095532826975e-06
6.562547071619426328e-05
2.659758531921851745e-06
6.513694363890249819e-07
