0.000000000000000000e+00
0.000000000000000000e+00
0.000000000000000000e+00
0.000000000000000000e+00
0.000000000000000000e+00
0.000000000000000000e+00
0.000000000000000000e+00
0.000000000000000000e+00
0.000000000000000000e+00
0.000000000000000000e+00
0.000000000000000000e+00
0.000000000000000000e+00
0.000000000000000000e+00
0.000000000000000000e+00
0.000000000000000000e+00
0.000000000000000000e+00
0.000000000000000000e+00
0.000000000000000000e+00
0.000000000000000000e+00
0.000000000000000000e+00
0.000000000000000000e+00
0.000000000000000000e+00
0.000000000000000000e+00
0.000000000000000000e+00
0.000000000000000000e+00
0.000000000000000000e+00
0.000000000000000000e+00
0.000000000000000000e+00
0.000000000000000000e+00
0.000000000000000000e+00
0.000000000000000000e+00
0.000000000000000000e+00
0.000000000000000000e+00
2.297467070572584917e-05
6.771924279968216491e-04
4.669648517423952552e-06
1.625037684063535532e-05
0.000000000000000000e+00
4.828416567016367080e-05
9.059118123802468612e-04
0.000000000000000000e+00
0.000000000000000000e+00
1.382215961157490044e-05
5.164631260270891603e-05
0.000000000000000000e+00
0.000000000000000000e+00
0.000000000000000000e+00
0.000000000000000000e+00
0.000000000000000000e+00
0.000000000000000000e+00
0.000000000000000000e+00
0.000000000000000000e+00
0.000000000000000000e+00
0.000000000000000000e+00
0.000000000000000000e+00
0.000000000000000000e+00
0.000000000000000000e+00
0.000000000000000000e+00
0.000000000000000000e+00
0.000000000000000000e+00
6.630900894742013116e-06
0.000000000000000000e+00
7.004472776135929252e-06
0.000000000000000000e+00
8.405367331363115187e-07
0.000000000000000000e+00
0.000000000000000000e+00
0.000000000000000000e+00
0.000000000000000000e+00
0.000000000000000000e+00
0.000000000000000000e+00
0.000000000000000000e+00
0.000000000000000000e+00
0.000000000000000000e+00
0.000000000000000000e+00
0.000000000000000000e+00
0.000000000000000000e+00
0.000000000000000000e+00
0.000000000000000000e+00
0.000000000000000000e+00
0.000000000000000000e+00
0.000000000000000000e+00
0.000000000000000000e+00
0.000000000000000000e+00
0.000000000000000000e+00
0.000000000000000000e+00
0.000000000000000000e+00
0.000000000000000000e+00
0.000000000000000000e+00
0.000000000000000000e+00
0.000000000000000000e+00
0.000000000000000000e+00
0.000000000000000000e+00
0.000000000000000000e+00
6.070543072651138911e-06
0.000000000000000000e+00
1.214108614530227655e-06
7.720591394173996480e-02
1.524518830077467579e-02
1.634190195157686487e-02
5.854627864502490175e-02
1.805238486421222588e-01
8.268173057921199276e-03
2.866613171173251068e-02
2.411023583219300617e-02
6.947008081480510189e-02
1.350406315456798012e-02
2.032529892288019446e-02
3.877844236215477469e-02
2.300502342108910400e-02
9.772621738670779490e-02
5.884336168370341014e-02
1.650001625037684008e-02
3.081968021499808803e-04
6.626277942709762891e-02
4.562797620048258257e-02
6.336965199164244777e-02
1.988326999422084310e-02
2.584463668453461024e-02
1.422496349268789068e-02
9.325288089295633758e-04
1.815372557633735838e-03
1.050988452519574165e-02
4.277398041960341117e-05
4.482862576726994484e-06
4.296076636030036924e-05
4.669648517423952764e-07
0.000000000000000000e+00
0.000000000000000000e+00
0.000000000000000000e+00
0.000000000000000000e+00
0.000000000000000000e+00
0.000000000000000000e+00
0.000000000000000000e+00
0.000000000000000000e+00
0.000000000000000000e+00
0.000000000000000000e+00
0.000000000000000000e+00
0.000000000000000000e+00
0.000000000000000000e+00
0.000000000000000000e+00
0.000000000000000000e+00
0.000000000000000000e+00
0.000000000000000000e+00
0.000000000000000000e+00
0.000000000000000000e+00
0.000000000000000000e+00
0.000000000000000000e+00
0.000000000000000000e+00
0.000000000000000000e+00
0.000000000000000000e+00
0.000000000000000000e+00
0.000000000000000000e+00
0.000000000000000000e+00
0.000000000000000000e+00
0.000000000000000000e+00
0.000000000000000000e+00
0.000000000000000000e+00
0.000000000000000000e+00
0.000000000000000000e+00
0.000000000000000000e+00
9.339297034847906058e-08
0.000000000000000000e+00
1.214108614530227655e-06
0.000000000000000000e+00
0.000000000000000000e+00
0.000000000000000000e+00
0.000000000000000000e+00
0.000000000000000000e+00
1.867859406969581212e-07
0.000000000000000000e+00
0.000000000000000000e+00
0.000000000000000000e+00
1.120715644181748621e-06
9.339297034847906058e-08
0.000000000000000000e+00
2.306806367607432820e-05
1.774466436621102072e-06
2.166716912084714269e-05
2.241431288363497242e-06
4.202683665681557382e-06
9.339297034847906058e-08
0.000000000000000000e+00
4.576255547075473518e-06
0.000000000000000000e+00
9.339297034847906058e-08
0.000000000000000000e+00
0.000000000000000000e+00
9.339297034847906058e-08
5.603578220908743105e-07
9.339297034847906058e-08
0.000000000000000000e+00
0.000000000000000000e+00
0.000000000000000000e+00
0.000000000000000000e+00
0.000000000000000000e+00
0.000000000000000000e+00
0.000000000000000000e+00
0.000000000000000000e+00
0.000000000000000000e+00
0.000000000000000000e+00
0.000000000000000000e+00
0.000000000000000000e+00
0.000000000000000000e+00
0.000000000000000000e+00
0.000000000000000000e+00
0.000000000000000000e+00
0.000000000000000000e+00
0.000000000000000000e+00
0.000000000000000000e+00
0.000000000000000000e+00
0.000000000000000000e+00
0.000000000000000000e+00
0.000000000000000000e+00
0.000000000000000000e+00
4.482862576726994484e-06
0.000000000000000000e+00
0.000000000000000000e+00
0.000000000000000000e+00
0.000000000000000000e+00
0.000000000000000000e+00
0.000000000000000000e+00
0.000000000000000000e+00
5.230006339514827604e-06
1.288822990809011009e-05
4.968506022539085970e-05
1.260805099704467299e-05
7.284651687181366354e-06
2.381520743886216047e-05
4.389469606378515450e-06
4.576255547075473518e-06
3.922504754636120110e-05
6.229311122243552591e-05
3.760934915933251618e-04
6.257329013348096979e-06
1.050110558598298625e-03
5.603578220908743105e-07
3.147343100743744466e-05
4.389469606378515450e-06
1.960318447614575299e-04
6.630900894742013116e-06
9.526082975544863173e-06
1.587680495924144003e-06
6.397418468870815530e-05
4.949827428469390502e-06
6.537507924393534505e-07
1.200099668977955893e-04
0.000000000000000000e+00
5.510185250560264706e-06
5.603578220908743105e-07
6.537507924393534082e-06
2.054645347666539174e-06
1.290690850215980455e-04
1.774466436621102072e-06
1.961252377318060140e-06
